ilimitada 1:
ti = [1 0 0;1 0 0;0 1 1]; to = [1 1 0;0 1 1;0 0 1]; m = [1 0 0];

ilimitada 2:
ti = [1 1 1 0;0 0 0 1;0 0 1 0]; to = [1 0 0 0;0 1 1 0;0 0 0 1]; m = [1 0 1 0];

lista 2:
ti = [1 0 0 1 0 0 1 0 0 0 0;0 1 0 0 0 0 0 0 0 0 0;0 0 1 0 0 0 1 0 0 0 0;0 0 0 0 0 0 0 0 0 1 0;1 0 0 1 0 0 0 1 0 0 0;0 0 0 0 1 0 0 0 0 0 0;0 0 0 0 0 1 0 1 0 0 0;0 0 0 0 0 0 0 0 1 0 0];
to = [0 1 0 0 0 0 0 0 0 0 0;0 0 1 1 0 0 1 0 0 0 0;0 0 0 0 0 0 0 0 0 1 0;0 0 0 0 0 0 1 0 0 0 1;0 0 0 0 1 0 0 0 0 0 0;0 0 0 1 0 1 0 1 0 0 0;0 0 0 0 0 0 0 0 1 0 0;0 0 0 0 0 0 0 1 0 0 1];
m = [3 0 0 1 0 0 1 1 0 0 0];

lista 3.1:
ti = [0 1 0 1 0 0 0 0 0 0 0 0 0;0 0 1 1 0 0 0 0 0 0 0 0 0;1 0 0 1 0 0 0 0 0 0 0 0 0;1 0 0 0 1 0 0 0 0 0 0 0 0;0 1 0 0 1 0 0 0 0 0 0 0 0;0 0 1 0 1 0 0 0 0 0 0 0 0;1 0 0 0 0 1 0 0 0 0 0 0 0;0 0 1 0 0 1 0 0 0 0 0 0 0;0 1 0 0 0 1 0 0 0 0 0 0 0;1 0 0 0 0 0 1 0 0 0 0 0 0;0 1 0 0 0 0 1 0 0 0 0 0 0];
to = [0 0 0 1 0 0 0 0 1 0 0 0 0;0 0 0 1 0 0 0 0 0 1 0 0 0;0 0 0 0 1 0 0 1 0 0 0 0 0;0 0 0 0 1 0 0 0 1 0 0 0 0;0 0 0 0 1 0 0 1 0 0 0 0 0;0 0 0 1 0 0 0 0 0 1 0 0 0;0 0 0 0 0 0 1 0 0 0 0 0 1;0 0 0 0 0 1 0 0 0 0 0 1 0;0 0 0 0 0 0 1 0 0 0 0 1 0;0 0 0 0 0 0 1 0 0 0 1 0 0;0 0 0 0 0 1 0 0 0 0 1 0 0];
m = [1 0 0 1 0 1 0 0 0 0 0 0 0];

lista 3.2:
ti = [1 0 0 0 0 1 0 0;0 1 0 0 0 0 1 0;0 0 1 0 0 0 0 1;0 0 0 1 0 0 0 0];
to = [0 1 0 0 0 0 0 0;0 0 1 0 0 1 0 0;0 0 0 1 0 0 1 0;0 0 0 0 1 0 0 1];
m = [1 0 0 0 0 0 0 0];

lista 4.1:
ti = [1 0 0;1 1 0;0 2 1;0 1 1]; to = [1 2 0;0 1 1;0 0 1;1 0 0]; m = [1 0 0];

lista 4.2:
ti = [1 0 0 0 0 0 0 0 0 0 0;0 1 0 0 0 0 0 0 0 0 0;0 0 1 0 0 0 0 0 0 0 0;0 0 0 1 0 0 0 0 0 0 0;0 0 1 0 0 0 0 0 0 0 0;0 0 0 0 1 0 0 0 0 0 0;0 0 0 0 0 1 0 0 0 0 0;0 0 0 0 0 0 1 0 0 0 0;0 0 0 0 0 0 1 0 0 0 0;0 0 0 0 0 0 0 0 1 0 0;0 0 0 0 0 0 0 1 0 0 0;0 0 0 0 0 1 0 0 0 0 0;0 0 0 0 0 0 0 0 0 1 0];
to = [0 1 0 0 0 0 0 0 0 0 0;0 0 1 0 0 0 0 0 0 0 0;0 0 0 1 0 0 0 0 0 0 0;0 0 1 0 0 0 0 0 0 0 0;0 0 0 0 1 0 0 0 0 0 0;0 0 0 0 0 1 0 0 0 0 0;0 0 0 0 0 0 1 0 0 0 0;0 0 0 0 0 0 0 1 0 0 0;0 0 0 0 0 0 0 0 1 0 0;0 0 0 0 0 1 0 0 0 0 0;0 0 0 0 0 0 0 0 1 0 0;0 0 0 0 0 0 0 0 0 1 0;0 0 0 0 0 0 0 0 0 0 1];
m = [1 0 0 0 0 0 0 0 0 0 0];

lista 4.3:
ti = [1 0 1 0 0 0 0;0 1 1 0 0 0 0;0 1 0 1 0 0 0;1 0 0 1 0 0 0;0 1 0 0 1 0 0;1 0 0 0 1 0 0];
to = [0 0 1 0 0 0 1;0 0 0 1 0 0 1;0 0 0 1 0 1 0;0 0 0 0 1 0 1;0 0 0 0 1 1 0;0 0 1 0 0 0 1];
m = [1 0 1 0 0 1 0];
